35.1024 30.5776 33.2905 37.8106 29.1718
27.3794 21.9634 25.4985 31.8668 25.8652
27.6614 23.7119 28.1292 31.6364 24.5022
28.3507 24.5234 20.9218 24.8396 22.6076
30.4217 20.3236 22.7744 32.7939 25.9236
27.0137 28.621 26.3067 23.6756 24.6224
21.6342 21.3709 25.8302 24.3395 31.6227
25.1183 23.5906 26.3313 25.7572 28.3899
23.2596 34.0148 20.9802 33.444 30.5895
30.9139 24.1519 23.5382 24.1345 21.9553
30.8919 31.0306 28.6245 17.5887 28.3303
28.5945 30.2712 20.4428 45.1266 24.7416
31.6296 25.9747 19.1611 28.1708 27.7693
18.9947 24.1803 23.0078 32.2968 32.8824
26.3473 37.1163 24.2459 36.963 31.5234
43.3994 25.9807 27.3621 34.1886 25.6937
26.522 24.0374 30.239 28.391 23.7425
28.6172 18.3474 23.4451 31.3191 27.9212
26.5355 25.2444 24.9131 21.5271 25.1013
25.3793 31.7953 29.252 35.5852 31.0594
38.9439 31.4431 28.6315 42.2506 23.0494
18.684 22.0055 19.9823 23.1277 21.7148
29.5465 33.8149 27.3291 32.3111 24.5108
29.4739 27.2683 26.7188 26.7661 28.9126
28.9933 30.3123 36.105 39.1002 26.9846
20.2033 23.3573 28.3752 28.8496 25.4824
22.5759 29.1711 27.0289 30.8895 26.1909
23.364 39.8508 25.5114 25.2177 23.7576
19.3973 33.1996 36.0439 21.6682 30.6867
23.595 23.2275 30.3522 28.4588 25.1547
27.9 34.741 24.7945 25.6222 29.3337
20.0426 30.8778 26.483 33.7074 21.4361
26.627 32.5341 33.2379 25.3926 21.5148
19.9945 26.6092 26.7335 25.3134 23.4022
28.9205 21.8148 27.5733 25.7732 31.3177
31.0408 18.0779 26.9635 39.9741 22.1708
22.4206 30.1125 28.8327 22.8636 32.8023
39.4648 26.7644 34.5078 29.1515 27.0511
22.0768 25.2807 24.6423 22.853 31.6663
24.6921 25.3912 30.048 32.304
