-0.1435756
-0.3168702
-0.3637289
-0.4789762
-0.5379957
-0.613573
-0.6462386
-0.6212034
-0.632665
-0.6663765
-0.6212943
-0.5956974
-0.6239968
-0.5533932
-0.5790649
-0.5720072
-0.5546675
-0.4794048
-0.5310284
-0.5393207
-0.4738405
-0.573569
-0.525319
-0.6056344
-0.5743697
-0.6728875
-0.651741
-0.7246217
-0.6521857
-0.7003228
-0.7559575
-0.7399871
-0.6796829
-0.6569019
-0.5942466
-0.6418537
-0.6062967
-0.6056307
-0.6232206
-0.6227976
-0.7145218
-0.6295611
-0.6886135
-0.7239386
-0.7459464
-0.7405627
-0.7520045
-0.7510614
-0.6914451
-0.6798714
-0.6668249
-0.6309797
-0.5921894
-0.6319752
-0.6315299
-0.5959676
-0.5861111
-0.6259286
-0.5614301
-0.6158961
-0.6536189
-0.7160133
-0.6340436
-0.6674884
-0.6517273
-0.6898582
-0.6267851
-0.5861195
-0.6167751
-0.6036823
-0.698636
-0.6395736
-0.6637456
-0.6516226
-0.6160302
-0.6040123
-0.5550509
-0.5138345
-0.5637926
-0.5685492
-0.5150709
-0.5357031
-0.5879883
-0.6098215
-0.6136127
-0.5582577
-0.5654982
-0.5723634
-0.5789298
-0.6079717
-0.5952383
-0.6134134
-0.5935262
-0.6061477
-0.6485725
-0.6322901
-0.6238415
-0.6480861
-0.5652906
-0.6487552
-0.5704362
-0.5679341
-0.6052713
-0.6785185
-0.6226591
-0.6177247
-0.5414495
-0.5494767
-0.5023111
-0.5547813
-0.5457434
-0.5259294
-0.5823847
-0.676431
-0.6617624
-0.6313091
-0.6209844
-0.6174434
-0.6653867
-0.5949405
-0.643165
-0.6727887
-0.6512068
-0.6234957
-0.6009143
-0.6010123
-0.6447497
-0.602324
-0.5821563
-0.485253
-0.4671727
-0.4985983
-0.535148
-0.5470781
-0.5292194
-0.5213125
-0.5571539
-0.5377863
-0.5796577
-0.5154101
-0.5147466
-0.6117405
-0.5717037
-0.5674779
-0.558923
-0.555187
-0.4803557
-0.4983483
-0.5976226
-0.6755644
-0.6292754
-0.5740457
-0.606419
-0.6346827
-0.6368579
-0.644568
-0.6100479
-0.6030374
-0.597791
-0.6411478
-0.66559
-0.6482846
-0.7126274
-0.629953
-0.64421
-0.6126961
-0.6417568
-0.7092556
-0.6740588
-0.6538175
-0.5783706
-0.5783329
-0.6255094
-0.6843644
-0.6673484
-0.6465821
-0.5749894
-0.5551922
-0.5845702
-0.6680952
-0.5850722
-0.6517311
-0.7093895
-0.7224781
-0.5978033
-0.5674724
-0.5399688
-0.5363317
-0.5192024
-0.5508256
-0.5569681
-0.5179766
-0.5112244
-0.4869148
-0.4994526
-0.4881666
-0.5390853
-0.6214432
-0.6002785
-0.5540709
-0.551827
-0.5924052
-0.6925106
-0.6484625
-0.5990076
-0.4998914
-0.507162
-0.4916446
-0.5281266
-0.6567818
-0.6766418
-0.6569124
-0.5725655
-0.6178464
-0.5574364
-0.5955948
-0.6207775
-0.5239508
-0.5303834
-0.5322556
-0.4470035
-0.4460742
-0.4607974
-0.4972555
-0.5675015
-0.6085999
-0.6042066
-0.5613311
-0.4981024
-0.5494732
-0.568298
-0.5928245
-0.5944923
-0.6340635
-0.5540324
-0.5289742
-0.5957303
-0.6195744
-0.6230911
-0.6326462
-0.6840022
-0.6389014
-0.5671343
-0.5887509
-0.586757
-0.5848915
-0.5492452
-0.6003212
-0.6338976
-0.6165935
-0.5984598
-0.5658242
-0.545896
-0.609226
-0.5672117
-0.6009348
-0.7368066
-0.6907935
-0.6638357
-0.5950424
-0.6409495
-0.6906223
-0.7227569
-0.6969245
-0.6532977
-0.6074021
-0.5412319
-0.5420521
-0.6174187
-0.6130159
-0.5940859
-0.6031209
-0.6434579
-0.5780094
-0.5946566
-0.5651896
-0.5444864
-0.579004
-0.6268771
-0.6037597
-0.5909849
-0.6398035
-0.6503562
-0.5947009
-0.6279692
-0.6231139
-0.5447231
-0.5613272
-0.5240046
-0.5376374
-0.492844
-0.5039017
-0.4920739
-0.5285888
-0.5929671
-0.7051009
-0.6647848
-0.5128173
-0.5891514
-0.5777049
-0.591736
-0.6444989
-0.5814779
-0.5930507
-0.6642706
-0.6643966
-0.6454474
-0.6541217
-0.6998524
-0.720046
-0.6802625
-0.7455288
-0.6837597
-0.6668751
-0.5783827
-0.6244862
-0.6876967
-0.6570181
-0.5732142
-0.6335274
-0.6010902
-0.6240474
-0.6967164
-0.6449159
-0.6972808
-0.634548
-0.612122
-0.5823388
-0.5382866
-0.6105497
-0.5219933
-0.5785574
-0.5392494
-0.6170382
-0.5401906
-0.6164964
-0.597814
-0.5805802
-0.5445248
-0.5915572
-0.5500686
-0.5172658
-0.4575146
-0.4764673
-0.4115323
-0.5076099
-0.5963136
-0.5909536
-0.621877
-0.6105496
-0.5588621
-0.5456531
-0.6068204
-0.5991963
-0.6082524
-0.578
-0.5992593
-0.6779432
-0.6842568
-0.7368343
-0.7195097
-0.6233204
-0.5628864
-0.5448373
-0.5988925
-0.6433552
-0.7155715
-0.7630574
-0.7916675
-0.7777271
-0.7390749
-0.7047424
-0.681814
-0.6399397
-0.620407
-0.5817032
-0.5777047
-0.5609529
-0.5815609
-0.5572666
-0.5232464
-0.5109873
-0.5299932
-0.4852475
-0.5830102
-0.607575
-0.6128596
-0.6418021
-0.5371434
-0.6037006
-0.6088427
-0.6277891
-0.6290652
-0.6579414
-0.6249839
-0.5409089
-0.6012124
-0.6159341
-0.6844065
-0.6019668
-0.6092007
-0.5586401
-0.6268105
-0.6436145
-0.6043494
-0.6092126
-0.5821622
-0.5930564
-0.561641
-0.6172944
-0.5958831
-0.5774362
-0.4817486
-0.5714454
-0.6792489
-0.5967387
-0.621894
-0.5796668
-0.628275
-0.6314076
-0.6155573
-0.7269847
-0.6379712
-0.6133047
-0.6612473
-0.6531103
-0.6593336
-0.5528028
-0.5344051
-0.5654649
-0.6464041
-0.6095346
-0.5896129
-0.6172083
-0.6962881
-0.7875351
-0.7274233
-0.7468181
-0.6602903
-0.6624143
-0.6517861
-0.6557985
-0.5722202
-0.556512
-0.5653244
-0.6340575
-0.5886147
-0.6338066
-0.6866848
-0.6517085
-0.628145
-0.5497006
-0.5142248
-0.5674243
-0.6969569
-0.6293148
-0.6140945
-0.5414165
-0.5770651
-0.6483419
-0.7079221
-0.7043582
-0.7065969
-0.6221989
-0.6214434
-0.6218905
-0.6500745
-0.572839
-0.5336322
-0.5317382
-0.5320455
-0.6138204
-0.6064877
-0.6154463
-0.5825098
-0.7029532
-0.6260312
-0.6223746
-0.6082447
-0.5981214
-0.644883
-0.6181872
-0.6505031
-0.7209511
-0.7370492
-0.6778355
-0.6514056
-0.6889671
-0.6681388
-0.612533
-0.6151699
-0.5469953
-0.5531819
-0.5323292
-0.5981405
-0.6520985
-0.6945766
-0.6809281
-0.5932293
-0.5336945
-0.5171366
-0.4640631
-0.4387123
-0.5181678
-0.5196757
-0.5784471
-0.554655
-0.5178288
-0.5489815
-0.6339481
-0.5859417
-0.5665578
-0.55685
-0.6629866
-0.6605235
-0.669951
-0.6563591
-0.6950213
-0.7145469
-0.6899809
-0.6790767
-0.635381
-0.5946601
-0.6240517
-0.5872022
-0.5881149
-0.614797
-0.625381
-0.6033903
-0.5717135
-0.508746
-0.5147633
-0.4970936
-0.5589905
-0.5639682
-0.5401728
-0.5671354
-0.5191433
-0.5400196
-0.5898183
-0.6248043
-0.5575708
-0.5777553
-0.6087462
-0.5592144
-0.6186706
-0.6077353
-0.6475431
-0.6890404
-0.659297
-0.6614106
-0.6898052
-0.6523393
-0.6354005
-0.6165106
-0.5471118
-0.5469537
-0.6021903
-0.6416871
-0.5995021
-0.585996
-0.6322135
-0.6091117
-0.5881127
-0.5453989
-0.6089543
-0.6897005
-0.6296975
-0.6252989
-0.6056238
-0.6241961
-0.5157296
-0.4926053
-0.5266073
-0.5310405
-0.533829
-0.5097134
-0.5739928
-0.6645166
-0.577771
-0.5341418
-0.559513
-0.6248224
-0.5632006
-0.5602639
-0.6020232
-0.704031
-0.6708389
-0.6980862
-0.6592856
-0.6465386
-0.5625155
-0.5962542
-0.6039159
-0.6426815
-0.594874
-0.6029204
-0.5994329
-0.6164959
-0.5699093
-0.6339715
-0.7117625
-0.7884831
-0.6574313
-0.5915336
-0.5023897
-0.5894951
-0.5386677
-0.5595756
-0.6042564
-0.6250554
-0.6323007
-0.6016225
-0.6093365
-0.6459007
-0.6878456
-0.6577073
-0.6342549
-0.6161842
-0.5271326
-0.5686532
-0.595725
-0.6247082
-0.6184879
-0.5795736
-0.5558304
-0.6292409
-0.5477697
-0.5805486
-0.6819634
-0.6528091
-0.5795197
-0.5657736
-0.5404012
-0.503137
-0.5401116
-0.525646
-0.4825924
-0.5441964
-0.4624294
-0.4761487
-0.5272639
-0.637356
-0.6582858
-0.5876403
-0.5740297
-0.4991373
-0.4941823
-0.6038375
-0.6352341
-0.7021496
-0.7445291
-0.6884172
-0.6459327
-0.6457453
-0.6015226
-0.6164549
-0.6142403
-0.5575111
-0.5472498
-0.5892613
-0.5862673
-0.6351769
-0.5787935
-0.6133561
-0.6715247
-0.6218565
-0.6190497
-0.6027475
-0.5559468
-0.6105018
-0.654361
-0.5575881
-0.605623
-0.6321599
-0.6609715
-0.7309457
-0.6759224
-0.646508
-0.6331943
-0.5999546
-0.5777237
-0.5686335
-0.5266192
-0.5562897
-0.6135648
-0.5614704
-0.5661991
-0.5568187
-0.6106926
-0.6273894
-0.5234478
-0.5419841
-0.4853799
-0.4749847
-0.475888
-0.4741979
-0.6227726
-0.6378747
-0.5657299
-0.6558607
-0.6603222
-0.6775645
-0.6313366
-0.6339187
-0.5585425
-0.6201097
-0.6610496
-0.6617875
-0.6759179
-0.589238
-0.5411819
-0.531692
-0.4568999
-0.5003926
-0.4473862
-0.4911557
-0.4877607
-0.5244586
-0.5996684
-0.5725759
-0.5356552
-0.5699329
-0.5378624
-0.6007852
-0.6704118
-0.6887171
-0.6908248
-0.6431215
-0.5702392
-0.556041
-0.5811429
-0.5129571
-0.5590248
-0.5970982
-0.5621436
-0.5923795
-0.6849312
-0.654035
-0.5867837
-0.6664347
-0.6600766
-0.6167646
-0.5875201
-0.5554185
-0.6798964
-0.6317231
-0.6979991
-0.6607188
-0.5709633
-0.5648427
-0.5963372
-0.6470346
-0.6488513
-0.62377
-0.7133095
-0.6651602
-0.6703501
-0.609632
-0.6255372
-0.6420726
-0.586742
-0.6389559
-0.6064671
-0.5257932
-0.4922439
-0.5397974
-0.5375113
-0.5876451
-0.6583991
-0.6740338
-0.6589849
-0.6583517
-0.5781377
-0.6409552
-0.6733249
-0.6719398
-0.6621533
-0.6861407
-0.6463808
-0.6048659
-0.5997223
-0.681342
-0.7584839
-0.680666
-0.621791
-0.651688
-0.6811771
-0.5818308
-0.625436
-0.5943761
-0.5534025
-0.6408481
-0.6613332
-0.6470045
-0.6907082
-0.6541716
-0.6297799
-0.7036666
-0.7012022
-0.6635701
-0.695908
-0.7001958
-0.7037917
-0.6772483
-0.6343461
-0.5968845
-0.5907817
-0.5432258
-0.6355847
-0.6149925
-0.6612674
-0.6153232
-0.6494453
-0.6815588
-0.584628
-0.5673273
-0.5846702
-0.6199765
-0.6491066
-0.5576674
-0.6154683
-0.6191976
-0.6567953
-0.5718691
-0.572702
-0.5637893
-0.5618962
-0.7209615
-0.6650973
-0.6803745
-0.6297816
-0.6143157
-0.5689558
-0.5469111
-0.5755557
-0.5785493
-0.5901294
-0.6631248
-0.6450187
-0.5998128
-0.6239156
-0.6310064
-0.6576676
-0.6228653
-0.5454347
-0.5620964
-0.5943672
-0.6461994
-0.6117748
-0.6228993
-0.6280707
-0.7424056
-0.7262575
-0.6991246
-0.6201243
-0.7003139
-0.5947589
-0.5882109
-0.6521839
-0.6461791
-0.5707732
-0.6166225
-0.7071766
-0.6764411
-0.6109597
-0.6649627
-0.7055171
-0.7063357
-0.6821743
-0.6216428
-0.6179957
-0.5578799
-0.6182328
-0.5642459
-0.5514065
-0.4747367
-0.5056019
-0.5079558
-0.5429047
-0.5849094
-0.6637827
-0.632823
-0.623939
-0.5573829
-0.5227728
-0.4811702
-0.5372276
-0.5917143
-0.6108856
-0.6912296
-0.6288833
-0.6462839
-0.6049721
-0.6244254
-0.638665
-0.5807744
-0.5300144
-0.5203462
-0.6028901
-0.6287312
-0.5997561
-0.6763038
-0.6825337
-0.6787557
-0.6538859
-0.6735872
-0.5958635
-0.7113579
-0.6385021
-0.5542656
-0.4827789
-0.5215042
-0.4776182
-0.5336066
-0.5417966
-0.564256
-0.6478075
-0.5973047
-0.5877078
-0.6166901
-0.5595294
-0.5873631
-0.5909388
-0.599354
-0.606067
-0.6058237
-0.6072933
-0.6096247
-0.5575284
-0.554169
-0.6703843
-0.6867856
-0.7481388
-0.7581645
-0.7080274
-0.7221132
-0.7604064
-0.7115652
-0.6621966
-0.6448895
-0.7157712
-0.6296313
-0.6121338
-0.6590901
-0.6663985
-0.5628548
-0.5969752
-0.6071659
-0.601741
-0.5852685
-0.6245301
-0.6353842
-0.5849698
-0.5753584
-0.5011767
-0.5681221
-0.5380817
-0.5856436
-0.6915915
-0.7285109
-0.6268934
-0.5668994
-0.6979831
-0.5827393
-0.5869802
-0.5809849
-0.5735031
-0.5637783
-0.57246
-0.6152297
-0.6063789
-0.6585443
-0.6678786
-0.6075417
-0.6282936
-0.646163
-0.5925022
-0.6341905
-0.6196278
-0.5914211
-0.5905289
-0.6164375
-0.6206941
-0.6877298
-0.7116233
-0.6196801
-0.5952203
-0.671806
-0.6539436
-0.611509
-0.563621
-0.4698984
-0.5527764
-0.5537342
-0.5651812
-0.5944751
-0.567509
-0.6290261
-0.622447
-0.6354593
-0.6433503
-0.6051656
-0.5839214
-0.5898951
-0.6190768
-0.5467406
-0.5979328
-0.6355001
-0.7293289
-0.7230933
-0.6884194
-0.6591307
-0.644821
-0.7247241
-0.7134023
-0.5208992
-0.510471
-0.6199299
-0.5875135
-0.6065059
-0.5776663
-0.6175181
-0.7149058
-0.676363
-0.7037973
-0.7135861
-0.7019195
-0.6448527
-0.6441452
-0.6397239
-0.651718
-0.5523408
-0.5774291
-0.5879676
-0.573821
-0.5395106
-0.5220086
-0.5550439
-0.68585
-0.6308645
-0.6842796
-0.5889582
-0.5791752
-0.6325822
-0.6435452
-0.6066208
-0.6888602
-0.7302575
-0.6683375
-0.6205721
-0.5728839
-0.6293606
-0.678487
-0.6726103
-0.6736098
-0.7359602
-0.6891201
-0.6449784
-0.6366997
-0.7730499
-0.6670308
-0.5833053
-0.5948735
-0.5433228
-0.5544935
-0.6176554
-0.654098
-0.6008227
-0.5495782
-0.5772943
-0.5893739
-0.6611266
-0.6906748
-0.7224468
-0.7515368
-0.7625348
-0.7478935
-0.7042496
-0.6792632
-0.6946419
-0.6574117
-0.6843956
-0.6594002
-0.6412176
-0.6738898
-0.648304
-0.6018383
-0.6052534
-0.6579307
-0.6793827
-0.715328
-0.7506908
-0.6990899
-0.7052256
-0.6962823
-0.5856348
-0.5813386
-0.599691
-0.5620352
-0.6543448
-0.6071423
-0.6105734
-0.6318568
-0.6146243
-0.6125276
-0.5916378
-0.5755187
-0.5706583
-0.5386834
-0.5479901
-0.6284856
-0.6173498
-0.585792
-0.6926714
-0.7177305
-0.7062696
-0.7219497
-0.7217879
-0.7070102
-0.6720872
-0.6497761
-0.5917156
-0.6404582
-0.6469122
-0.6087949
-0.4841682
-0.5002318
-0.4776966
-0.4083615
-0.5256149
-0.5631306
-0.607529
-0.5494174
-0.5358874
-0.5474509
-0.6286089
-0.5921242
-0.6092573
-0.6292432
-0.6660716
-0.6028749
-0.5979872
-0.5974753
-0.5882273
-0.6223955
-0.6164015
-0.6381502
-0.5938702
-0.6691839
-0.6120017
-0.5171332
-0.4842466
-0.5368198
-0.5483267
-0.6045166
-0.5901808
-0.5644198
-0.5878993
-0.5467831
-0.508194
-0.4853911
-0.5796225
-0.5694226
-0.6167043
-0.6461829
-0.6356048
-0.6380696
-0.5911508
-0.6471187
-0.6640779
-0.60322
-0.6262021
-0.6784049
-0.6651957
-0.6653024
-0.6342509
-0.5700035
-0.4841407
-0.5775008
-0.6074496
-0.4974406
-0.5892791
-0.5608738
-0.499044
-0.4972311
-0.5459861
-0.5214733
-0.5737954
-0.5533347
-0.5476427
-0.580659
-0.5881868
-0.5381814
-0.5334887
-0.5937787
-0.6347464
-0.6377593
-0.5971867
-0.606592
-0.5873227
-0.6183498
-0.6244251
-0.6791221
-0.7034712
-0.7249392
-0.7108016
-0.6445899
-0.6339305
-0.6032009
-0.6613617
-0.634809
-0.65176
-0.6481219
-0.6523544
-0.6040567
-0.6457604
-0.5548981
-0.6086406
-0.5885286
-0.6179735
-0.729781
-0.6782625
-0.6553714
-0.573059
-0.5875859
-0.5429025
-0.5094991
-0.579231
-0.5957511
-0.5430467
-0.5067193
-0.6022073
-0.61838
-0.5797869
-0.5982451
-0.5499782
-0.5305877
-0.541165
-0.5445203
-0.5747341
-0.542014
-0.5898803
-0.551778
-0.5430179
-0.5943297
-0.5536771
-0.6136761
-0.5796989
-0.6090967
-0.5860527
-0.5381348
-0.4948246
-0.5255295
-0.5943997
-0.6297606
-0.6841887
-0.6126658
-0.6692746
-0.5760507
-0.579377
-0.5346966
-0.5104983
-0.610397
-0.5754074
-0.5843878
-0.6343332
-0.5819139
-0.5538725
-0.595293
-0.6008332
-0.6187631
-0.6316378
-0.6226466
-0.6144516
-0.5871387
-0.5645064
-0.6128118
-0.5891323
-0.5541304
-0.5316221
-0.6227386
-0.6561322
-0.6225833
-0.606622
-0.6804098
-0.600605
-0.5110612
-0.5222145
-0.5885352
-0.5328835
-0.5752274
-0.6263285
-0.6013855
-0.6497221
-0.615665
-0.5926431
-0.6063426
-0.6447621
-0.679604
-0.7016472
-0.7355336
-0.6958842
-0.6752714
-0.6484151
-0.6186079
-0.5728844
-0.6725668
-0.6375302
-0.603025
-0.5445387
-0.5548042
-0.5552237
-0.5706016
-0.6437982
-0.6047501
-0.606626
-0.5620311
-0.5138722
-0.6225918
-0.6827834
-0.6346769
-0.6099273
-0.6772124
-0.6645795
-0.6090658
-0.6241444
-0.5726916
-0.61776
-0.5601467
-0.5778354
-0.5647917
-0.5119429
-0.521962
-0.5379662
-0.5411267
-0.566183
-0.6645748
-0.7142019
-0.5928745
-0.6700354
-0.6306495
-0.5803493
-0.5836745
-0.5989275
-0.6946297
-0.6950751
-0.6632902
-0.7094192
-0.674959
-0.6864131
-0.6199543
-0.6211157
-0.7026176
-0.7121733
-0.680221
-0.5691265
-0.5940601
-0.6044244
-0.5756007
-0.6583998
-0.603048
-0.6755497
-0.7086415
-0.6898975
-0.7538186
-0.6563102
-0.5910377
-0.6646535
-0.6690839
-0.6573904
-0.7052823
-0.6834816
-0.6818176
-0.6273294
-0.6291096
-0.6895157
-0.6540402
-0.6338842
-0.6266671
-0.5654686
-0.5556459
-0.5892957
-0.580729
-0.664359
-0.6159686
-0.6127078
-0.5381179
-0.6004045
-0.7369564
-0.7094531
-0.5991363
-0.6095478
-0.6331386
-0.6013976
-0.642747
-0.6068167
-0.6111707
-0.6903128
-0.5998578
-0.6581759
-0.7057593
-0.6892527
-0.6224117
-0.6437815
-0.7000785
-0.5796212
-0.5928788
-0.5236203
-0.5706206
-0.5524306
-0.6316608
-0.5407091
-0.5168233
-0.5858224
-0.5980415
-0.6766224
-0.6606378
-0.6851355
-0.6982615
-0.7047923
-0.6904276
-0.6328467
-0.6477865
-0.7031343
-0.6489635
-0.6659176
-0.6642281
-0.5942264
-0.5757021
-0.5764044
-0.5610887
-0.6591896
-0.6115311
-0.6598506
-0.6339396
-0.5855611
-0.485071
-0.5067871
-0.531947
-0.5830558
-0.6628492
-0.6794239
-0.7812171
-0.6372329
-0.6252588
-0.657428
-0.6685953
-0.7314304
-0.673311
-0.546377
-0.4646694
-0.4483266
-0.4935139
-0.5029562
-0.5801285
-0.5738307
-0.5542281
-0.5097735
-0.5236836
-0.5563777
-0.5070908
-0.5619024
-0.4932656
-0.5617941
-0.6468435
-0.6309811
-0.6711541
-0.6507958
-0.6367247
-0.6879485
-0.688346
-0.7022579
-0.6668963
-0.7438042
-0.7384849
-0.6196623
-0.5617031
-0.5637393
-0.6144982
-0.670004
-0.6877091
-0.6655764
-0.6294972
-0.5545902
-0.5106248
-0.494184
-0.4746469
-0.5655659
-0.5635538
-0.5765684
-0.5542146
-0.615463
-0.647094
-0.6734529
-0.7099758
-0.7501153
-0.7387849
-0.6904037
-0.6818226
-0.5989462
-0.6079921
-0.6631905
-0.6560985
-0.7690627
-0.7341535
-0.7527753
-0.6533246
-0.574228
-0.5983448
-0.6257613
-0.7011696
-0.6963084
-0.642281
-0.6324716
-0.4406873
-0.4864614
-0.5805058
-0.629272
-0.6222397
-0.6287226
-0.5260226
-0.6422445
-0.6447222
-0.6521888
-0.6459502
-0.622697
-0.6322653
-0.566109
-0.6090502
-0.6182093
-0.5548366
-0.5409863
-0.5299228
-0.5280346
-0.5625624
-0.6024486
-0.5650581
-0.5946601
-0.6289172
-0.6298232
-0.5550198
-0.5568269
-0.5793616
-0.5568848
-0.5547564
-0.5541408
-0.529224
-0.4958276
-0.5564242
-0.5682627
-0.5322268
-0.5813079
-0.6166584
-0.6117071
-0.593743
-0.6339322
-0.5836755
-0.6238649
-0.6910396
-0.6787839
-0.6928433
-0.575498
-0.5608977
-0.5276391
-0.5303266
-0.5738968
-0.5331646
-0.5225566
-0.5477442
-0.5465829
-0.5974298
-0.5406159
-0.5582091
-0.5535793
-0.5583778
-0.6303224
-0.584775
-0.5867609
-0.6294278
-0.6809967
-0.6807632
-0.7240652
-0.6650391
-0.6728573
-0.7487892
-0.6968514
-0.6403523
-0.7237069
-0.5890626
-0.5480201
-0.519213
-0.4990558
-0.5622796
-0.5745177
-0.4835886
-0.5704349
-0.6177421
-0.5728425
-0.5315494
-0.5252263
-0.5740658
-0.5594525
-0.5068186
-0.5868819
-0.5473027
-0.5283217
-0.5786461
-0.55913
-0.55763
-0.5883222
-0.6862444
-0.7217399
-0.7690878
-0.7572698
-0.7200065
-0.7282556
-0.6925713
-0.6232792
-0.5860411
-0.5715794
-0.5535424
-0.5735837
-0.5608049
-0.5030573
-0.4944041
-0.5664971
-0.5579431
-0.6097033
-0.565759
-0.5616441
-0.5681138
-0.5841002
-0.5952448
-0.6268795
-0.6112834
-0.5902063
-0.5867804
-0.5893528
-0.5746133
-0.5581434
-0.6286372
-0.6268569
-0.5802841
-0.656199
-0.6668019
-0.6528949
-0.6717611
-0.6638718
-0.676979
-0.5880291
-0.7196195
-0.7688666
-0.5762371
-0.6042421
-0.5966002
-0.5414379
-0.5589055
-0.6400264
-0.7094515
-0.7522579
-0.6760314
-0.68136
-0.6103502
-0.5695969
-0.5940236
-0.6328102
-0.5601288
-0.5776957
-0.4784121
-0.5974004
-0.639234
-0.7356267
-0.6872258
-0.6728134
-0.6139252
-0.6320167
-0.6107276
-0.6118098
-0.6143906
-0.6766052
-0.6028689
-0.6334483
-0.6023019
-0.6629016
-0.6699685
-0.680847
-0.704094
-0.7306568
-0.6278957
-0.6218377
-0.6029529
-0.6934254
-0.7141533
-0.6426824
-0.6482305
-0.5855401
-0.6090142
-0.6107734
-0.6173314
-0.6099094
-0.5582208
-0.5881343
-0.5938768
-0.6258961
-0.6129113
-0.6031439
-0.6297885
-0.5970101
-0.5863225
-0.526192
-0.5526113
-0.476597
-0.5161453
-0.5243773
-0.5420745
-0.5904013
-0.6289374
-0.6114858
-0.595914
-0.5855086
-0.5675244
-0.6619413
-0.7033658
-0.5536292
-0.5497198
-0.5934624
-0.5447327
-0.5895588
-0.6118156
-0.6312459
-0.5734519
-0.6294232
-0.5901731
-0.5998246
-0.5601488
-0.5859062
-0.6109553
-0.5283512
-0.5393797
-0.5761798
-0.6376692
-0.6610688
-0.6056019
-0.6121112
-0.6158184
-0.6004064
-0.5763309
-0.5540651
-0.585956
-0.6442573
-0.6800029
-0.667112
-0.568191
-0.5481664
-0.5936887
-0.5671115
-0.5476843
-0.5454522
-0.5505454
-0.5607607
-0.5974718
-0.691161
-0.682423
-0.682625
-0.6474335
-0.6635082
-0.6341486
-0.6774228
-0.6862078
-0.6101609
-0.5998106
-0.680268
-0.6495333
-0.6215185
-0.7102854
-0.6650473
-0.7098356
-0.7260466
-0.6730446
-0.7090008
-0.6832623
-0.6879298
-0.6191212
-0.5946104
-0.6245244
-0.6253817
-0.5639766
-0.6572441
-0.6949509
-0.6366072
-0.6866926
-0.6894514
-0.6615705
-0.6436287
-0.581267
-0.5622057
-0.5304025
-0.5491438
-0.653499
-0.6673384
-0.579724
-0.6238488
-0.612307
-0.638216
-0.5917283
-0.6105673
-0.6286879
-0.6418277
-0.6153921
-0.6160037
-0.6071921
-0.5976642
-0.682094
-0.6628938
-0.7124971
-0.7221491
-0.6356525
-0.5283281
-0.4820481
-0.4928969
-0.4994958
-0.5450914
-0.5607881
-0.5503119
-0.5437103
-0.6246957
-0.576955
-0.4902398
-0.5350118
-0.5562244
-0.5727472
-0.5781081
-0.5698362
-0.5371016
-0.6486783
-0.6471785
-0.613332
-0.6159408
-0.5161043
-0.5052143
-0.5119471
-0.5152272
-0.555522
-0.5160928
-0.4954439
-0.5290323
-0.6123222
-0.6901654
-0.7359666
-0.6227218
-0.5855111
-0.6161498
-0.5924051
-0.5676197
-0.580634
-0.538186
-0.567057
-0.6449903
-0.6475099
-0.580519
-0.6296803
-0.6007798
-0.580567
-0.6833214
-0.7069651
-0.6833774
-0.6290815
-0.6212675
-0.7351254
-0.6676443
-0.7321348
-0.7440757
-0.6390185
-0.6241146
-0.6300732
-0.6171477
-0.6004882
-0.6163412
-0.5807447
-0.6167567
-0.5956517
-0.6113962
-0.618775
-0.6310249
-0.6928997
-0.672763
-0.5805015
-0.5919919
-0.6504953
-0.6545501
-0.7410754
-0.6808482
-0.696951
-0.65003
-0.6414155
-0.6759537
-0.678031
-0.7126301
-0.6710034
-0.7549668
-0.7488076
-0.6274351
-0.5946837
-0.6300516
-0.7004653
-0.6906615
-0.7250949
-0.6310659
-0.6805701
-0.6857175
-0.6835816
-0.6997415
-0.6281947
-0.5795156
-0.6051353
-0.6448498
-0.6222697
-0.5061782
-0.5729227
-0.4739992
-0.53138
-0.5794622
-0.5240972
-0.4804846
-0.5424617
-0.5985293
-0.6094178
-0.6153237
-0.6291052
-0.6162674
-0.6345253
-0.5905804
-0.62957
-0.6602191
-0.6172051
-0.5965792
-0.6245271
-0.6176824
-0.5721249
-0.5635096
-0.5878563
-0.6075208
-0.6092651
-0.5995499
-0.6232218
-0.6507176
-0.6064484
-0.6112275
-0.5876539
-0.5997856
-0.6473729
-0.6099054
-0.6498005
-0.6511551
-0.6584658
-0.5924927
-0.6141151
-0.6484639
-0.7151308
-0.6838628
-0.7320987
-0.643841
-0.683241
-0.7145535
-0.6866303
-0.6833145
-0.7218923
-0.7440298
-0.6863419
-0.7553881
-0.6573588
-0.6705746
-0.6687221
-0.7457613
-0.7707965
-0.7141085
-0.6328396
-0.6336555
-0.5950649
-0.6012269
-0.6515114
-0.6926011
-0.6803964
-0.6999119
-0.7555606
-0.6893473
-0.6716837
-0.6443282
-0.6255471
-0.6325089
-0.529423
-0.5059941
-0.5986086
-0.5320424
-0.5028891
-0.564007
-0.6141143
-0.6376186
-0.5424512
-0.5379498
-0.5499324
-0.5832985
-0.5968234
-0.6624188
-0.5321135
-0.5305293
-0.5429226
-0.5283248
-0.5644431
-0.6501
-0.6181206
-0.5575643
-0.6091455
-0.6841983
-0.6410396
-0.6847019
-0.7097997
-0.7046038
-0.5738403
-0.5840482
-0.555045
-0.5252391
-0.542295
-0.5770306
-0.5928607
-0.6051443
-0.590506
-0.6311878
-0.6173109
-0.6144663
-0.551422
-0.6067354
-0.6204071
-0.5315581
-0.6007786
-0.5277996
-0.5794348
-0.6109941
-0.570251
-0.4994749
-0.4843435
-0.5982204
-0.7176063
-0.6678535
-0.5686227
-0.5370199
-0.5625583
-0.566545
-0.5191899
-0.5559558
-0.5685811
-0.6361575
-0.6591772
-0.6266571
-0.6799057
-0.7414857
-0.6314504
-0.6756375
-0.6357937
-0.6417967
-0.6752287
-0.6851427
-0.6509907
-0.6051408
-0.5922281
-0.6148667
-0.6058152
-0.6545649
-0.595391
-0.6163267
-0.5986751
-0.7000408
-0.635879
-0.6665534
-0.7350177
-0.6787762
-0.5878318
-0.5884046
-0.5509904
-0.6562101
-0.6826946
-0.7165143
-0.7548863
-0.7468971
-0.7037542
-0.6760903
-0.6860583
-0.6505663
-0.6751013
-0.7055466
-0.6335101
-0.6056959
-0.630767
-0.6429689
-0.618529
-0.5985801
-0.5948112
-0.5598043
-0.5567876
-0.5478724
-0.5118473
-0.5059879
-0.5741661
-0.5742694
-0.602621
-0.5991598
-0.4974539
-0.5070955
-0.5352491
-0.5535244
-0.5441004
-0.6466378
-0.7251695
-0.7236228
-0.6955495
-0.6366941
-0.6666866
-0.6714739
-0.6477163
-0.654052
-0.6227055
-0.6136907
-0.6745483
-0.7202048
-0.6832471
-0.6151969
-0.6267725
-0.6378063
-0.630134
-0.6943392
-0.6450287
-0.6445207
-0.6580486
-0.6872173
-0.6021618
-0.5772757
-0.6110538
-0.5396301
-0.5385861
-0.6195463
-0.5857361
-0.5799871
-0.5091297
-0.5851562
-0.5667002
-0.5892402
-0.7104898
-0.6209981
-0.6440664
-0.6572004
-0.5954301
-0.5820022
-0.678904
-0.6418729
-0.5402574
-0.5266139
-0.613594
-0.6389177
-0.6172394
-0.5816449
-0.5590051
-0.5413121
-0.4690801
-0.4617959
-0.4641632
-0.4993856
-0.5782167
-0.6809401
-0.7185527
-0.7032067
-0.6138235
-0.5816879
-0.612903
-0.6477905
-0.5737214
-0.562905
-0.6519131
-0.681519
-0.6980047
-0.6396065
-0.6447154
-0.6390156
-0.5739983
-0.61222
-0.5691212
-0.6077585
-0.5696415
-0.5848994
-0.6068683
-0.5035148
-0.5397934
-0.5231757
-0.6075088
-0.8002932
-0.6804727
-0.6198223
-0.6297987
-0.7310741
-0.7073414
-0.5995639
-0.5819141
-0.5735718
-0.6286839
-0.6513397
-0.6174404
-0.6042838
-0.6221255
-0.6129181
-0.586272
-0.6380345
-0.5897211
-0.6282965
-0.5778433
-0.5834789
-0.5631576
-0.6128577
-0.550828
-0.6366627
-0.5707502
-0.5874453
-0.5091457
-0.5600983
-0.5887421
-0.6501878
-0.5611074
-0.5332949
-0.5386191
-0.5782394
-0.5311613
-0.5990353
-0.6037402
-0.5229579
-0.5072726
-0.6015238
-0.5720357
-0.5180151
-0.5742603
-0.650983
-0.58443
-0.4395952
-0.5325747
-0.5858694
-0.5603998
-0.5021697
-0.4821398
-0.4739896
-0.5902291
-0.5743071
-0.6647819
-0.7239487
-0.6541992
-0.5740428
-0.5283316
-0.5446092
-0.5718404
-0.6316502
-0.5591331
-0.6120116
-0.6476908
-0.6449934
-0.6092192
-0.6418226
-0.6383821
-0.5874082
-0.5805978
-0.5224036
-0.5439359
-0.5194673
-0.5816154
-0.546152
-0.6415637
-0.5615205
-0.5800835
-0.6479372
-0.6521077
-0.6699017
-0.5849449
-0.6391806
-0.5711778
-0.5183648
-0.4836231
-0.4648484
-0.4834093
-0.5456846
-0.6329179
-0.6219786
-0.6172674
-0.6136864
-0.5738443
-0.6202765
-0.7311429
-0.7068934
-0.7026888
-0.6397078
-0.7159555
-0.7390047
-0.7002764
-0.6951729
-0.619557
-0.63205
-0.6688204
-0.6443154
-0.6410202
-0.6329956
-0.6312199
-0.6638622
-0.7369563
-0.7180331
-0.7246653
-0.6588981
-0.5844574
-0.5157393
-0.588972
-0.6353433
-0.4829027
-0.599584
-0.572606
-0.6368771
-0.6222999
-0.5875232
-0.6468554
-0.5965127
-0.6320091
-0.6621179
-0.6698039
-0.6948962
-0.671935
-0.5807719
-0.4546811
-0.5337529
-0.5409679
-0.4988451
-0.6101712
-0.6361567
-0.6287433
-0.6662753
-0.6500683
-0.6725014
-0.695103
-0.6911858
-0.7109901
-0.6521504
-0.6481381
-0.5727489
-0.6305445
-0.6468968
-0.6246089
-0.662421
-0.7244537
-0.7037306
-0.605082
-0.5823132
-0.6042872
-0.5092285
-0.4608844
-0.4363949
-0.4068865
-0.5060194
-0.6007658
-0.6909804
-0.7977429
-0.7876576
-0.8354026
-0.7763669
-0.6562082
-0.6589717
-0.7287348
-0.6725573
-0.6466707
-0.6634322
-0.6299482
-0.5924382
-0.5571642
-0.6240151
-0.5561681
-0.5298947
-0.5406772
-0.5687901
-0.5473011
-0.5327735
-0.5402623
-0.4733343
-0.5872806
-0.6513616
-0.6468316
-0.6597297
-0.5916673
-0.6375785
-0.6437902
-0.6071463
-0.648735
-0.6389744
-0.5672699
-0.6127285
-0.6216902
-0.6943866
-0.7056292
-0.6782778
-0.7428326
